* Sound Proof experimental REW golden input
* Fixture ID: curve-4a-room-b-rsp
* Purpose: Multi-seat pair: Room B RSP
* Source: Room B; 4 x SUB2-12; practical + optimised level/delay; seat rsp
* Placement xyz m: [{"x":2,"y":0.1275,"z":0.35},{"x":1.3,"y":6.1725,"z":0.35},{"x":2,"y":6.1725,"z":0.35},{"x":2.7,"y":6.1725,"z":0.35}]
* Relative levels dB: [0,-1.64,-0.902,-1.574]; delays ms: [10.807,0,7.162,0]
* Exact source grid: production authoritative unsmoothed 96 PPO, 15-200 Hz (final endpoint retained exactly)
* Freq(Hz) SPL(dB)
15.0000000000000 121.107214370653
15.1086961833556 121.092723556164
15.2181800240629 121.078742922208
15.3284572298118 121.065262083562
15.4395335496524 121.052269737491
15.5514147742949 121.039753595554
15.6641067364112 121.027700309539
15.7776153109393 121.016095390930
15.8919464153894 121.004923123241
16.0071060101524 120.993418203608
16.1231000988104 120.970844512480
16.2399347284505 120.948559446168
16.3576159899789 120.926540687691
16.4761500184393 120.904764112760
16.5955429933325 120.883203640090
16.7158011389384 120.861831066997
16.8369307246406 120.840615888582
16.9589380652533 120.819525098549
17.0818295213504 120.798522969470
17.2056114995971 120.777570809971
17.3302904530841 120.756626695994
17.4558728816637 120.735645172840
17.5823653322888 120.714576924247
17.7097743993543 120.693368404165
17.8381067250408 120.671961426260
17.9673689996609 120.650292705390
18.0975679620078 120.618565818560
18.2287103997070 120.583085831457
18.3608031495698 120.547023453415
18.4938530979499 120.510288514049
18.6278671811023 120.472782450392
18.7628523855449 120.434397374360
18.8988157484231 120.395015014137
19.0357643578760 120.354505509149
19.1737053534065 120.312726034475
19.3126459262531 120.269519225896
19.4525933197651 120.224711371047
19.5935548297802 120.178110325155
19.7355378050046 120.129503101171
19.8785496473961 120.078653073394
20.0225978125505 120.019485183628
20.1676898100897 119.926014602435
20.3138332040534 119.829143673125
20.4610356132935 119.728500574171
20.6093047118713 119.623666757774
20.7586482294575 119.511201293584
20.9090739517350 119.391588896080
21.0605897208052 119.266131916391
21.2132034355964 119.134133525448
21.3669230522761 118.994510997384
21.5217565846650 118.842028288672
21.6777121046557 118.680178856580
21.8347977426328 118.507717368089
21.9930216878971 118.323183816036
22.1523921890925 118.122400377625
22.3129175546358 117.903380751890
22.4746061531502 117.666028552522
22.6374664139013 117.407376784907
22.8015068272367 117.123803374471
22.9667359450285 116.897583817988
23.1331623811191 116.640633219197
23.3007948117706 116.342276029978
23.4696419761166 115.993384207741
23.6397126766183 115.577426204197
23.8110157795230 115.076248834688
23.9835602153265 114.474025855558
24.1573549792388 113.738860712000
24.3324091316527 112.823136904421
24.5087317986165 111.642317023137
24.6863321723095 110.076606188474
24.8652195115213 107.888095759220
25.0454031421347 104.570094039074
25.2268924576114 99.2367602364579
25.4096969194823 99.0799671930628
25.5938260578403 105.785126015315
25.7792894718372 110.469540874068
25.9660968301843 113.915044267087
26.1542578716564 116.655566900979
26.3437824055995 118.940349218846
26.5346803124420 120.888076936292
26.7269615442102 122.554391184859
26.9206361250466 123.960489366776
27.1157141517330 125.107459752981
27.3122057942166 126.021820872774
27.5101212961401 126.720511646344
27.7094709753761 127.228632448354
27.9102652245644 127.564435444340
28.1125145116545 127.767442774189
28.3162293804508 127.875254500266
28.5214204511625 127.914405786090
28.7280984209572 127.903808246521
28.9362740645186 127.844741564604
29.1459582346082 127.765780187835
29.3571618626310 127.675296888360
29.5698959592056 127.579150257767
29.7841716147381 127.470744143037
30.0000000000000 127.355224561227
30.2173923667111 127.242472773960
30.4363600481257 127.133654692102
30.6569144596235 127.029157308849
30.8790670993048 126.911781631823
31.1028295485897 126.799545185682
31.3282134728224 126.692509073480
31.5552306218787 126.590640123897
31.7838928307789 126.485521159238
32.0142120203047 126.375833939830
32.2462001976209 126.270803684622
32.4798694569009 126.170264123279
32.7152319799577 126.074045557856
32.9523000368786 125.966100518528
33.1910859866650 125.860647329056
33.4316022778768 125.758902412504
33.6738614492812 125.660717581080
33.9178761305066 125.559620927876
34.1636590427007 125.450997105798
34.4112229991942 125.345420862726
34.6605809061682 125.242780912048
34.9117457633273 125.142975157790
35.1647306645775 125.033020008532
35.4195487987086 124.922825869026
35.6762134500816 124.815097062028
35.9347379993218 124.709764012256
36.1951359240157 124.604905262977
36.4574207994141 124.497339735894
36.7216062991397 124.391955149654
36.9877061958998 124.288709637851
37.2557343622045 124.187567733037
37.5257047710899 124.084110417934
37.7976314968462 123.980991446198
38.0715287157520 123.879862357252
38.3474107068129 123.780711680977
38.6252918525062 123.682594844541
38.9051866395303 123.581993108838
39.1871096595605 123.483332424507
39.4710756100091 123.386625519962
39.7570992947922 123.291891670231
40.0451956251010 123.196167009597
40.3353796201794 123.100657678545
40.6276664081068 123.007187073826
40.9220712265871 122.915804230209
41.2186094237427 122.826243200132
41.5172964589150 122.734972204314
41.8181479034700 122.645962187020
42.1211794416103 122.559303081988
42.4264068711928 122.475097950879
42.7338461045521 122.390941618870
43.0435131693300 122.307204803189
43.3554242093114 122.226292258163
43.6695954852656 122.148378168910
43.9860433757943 122.073661190563
44.3047843781850 121.997892339958
44.6258351092716 121.925675243556
44.9492123063004 121.857405540016
45.2749328278027 121.793424758970
45.6030136544734 121.732605616595
45.9334718900570 121.674884233751
46.2663247622382 121.622803571548
46.6015896235412 121.576979423021
46.9392839522332 121.538132484869
47.2794253532366 121.504635011974
47.6220315590460 121.479606609218
47.9671204306531 121.464569948562
48.3147099584776 121.460940330116
48.6648182633055 121.469585620737
49.0174635972330 121.491688758588
49.3726643446189 121.531374384552
49.7304390230426 121.591616727804
50.0908062842694 121.676010282790
50.4537849152229 121.786836206841
50.8193938389647 121.930689030585
51.1876521156806 122.114081458803
51.5585789436743 122.343515273242
51.9321936603686 122.624416160954
52.3085157433128 122.958737171688
52.6875648111990 123.345532273904
53.0693606248841 123.763694849275
53.4539230884204 124.156553768881
53.8412722500932 124.408487130365
54.2314283034661 124.356084591806
54.6244115884332 123.867452692613
55.0202425922803 122.964412478540
55.4189419507521 121.825180260494
55.8205304491288 120.654028744333
56.2250290233090 119.591913293023
56.6324587609016 118.698548006357
57.0428409023250 117.980823180693
57.4561968419144 117.418035294339
57.8725481290372 116.981796018575
58.2919164692164 116.644461375976
58.7143237252620 116.381841977504
59.1397919184113 116.174778390901
59.5683432294761 116.006692195028
60.0000000000000 115.869235735173
60.4347847334222 115.754718129074
60.8727200962514 115.657603113064
61.3138289192470 115.572496346794
61.7581341986095 115.496482082887
62.2056590971795 115.429053902312
62.6564269456448 115.368807423698
63.1104612437573 115.314776601739
63.5677856615577 115.263610430966
64.0284240406094 115.217421064592
64.4924003952418 115.176171307811
64.9597389138019 115.139790947101
65.4304639599155 115.107214986886
65.9046000737572 115.077937969420
66.3821719733300 115.053913687258
66.8632045557535 115.035433855144
67.3477228985624 115.022856708297
67.8357522610131 115.013891180224
68.3273180854015 115.011200572392
68.8224459983884 115.015852442538
69.3211618123364 115.028471990313
69.8234915266546 115.048891502949
70.3294613291551 115.076638565373
70.8390975974172 115.114714653866
71.3524269001633 115.164122554011
71.8694759986436 115.225997634329
72.3902718480313 115.299313158176
72.9148415988281 115.387042889056
73.4432125982793 115.491699091541
73.9754123917996 115.615275799457
74.5114687244090 115.759492826387
75.0514095421797 115.925139762728
75.5952629936924 116.118304542773
76.1430574315040 116.343287424952
76.6948214136258 116.605603803786
77.2505837050123 116.909491347504
77.8103732790606 117.266300444033
78.3742193191209 117.691907034295
78.9421512200183 118.206825372804
79.5141985895845 118.839473458996
80.0903912502020 119.619508770874
80.6707592403588 120.555351368309
81.2553328162136 121.523030541140
81.8441424531741 122.236196606437
82.4372188474854 122.620725380494
83.0345929178299 122.953694686909
83.6362958069400 123.406277373092
84.2423588832207 123.927585355934
84.8528137423857 124.346723312228
85.4676922091042 124.433270704508
86.0870263386600 124.009918015897
86.7108484186228 123.056825405485
87.3391909705312 121.704800057421
87.9720867515885 120.135421218465
88.6095687563700 118.479623015774
89.2516702185432 116.863709695303
89.8984246126009 115.566507213753
90.5498656556054 114.854157354820
91.2060273089469 114.666240559720
91.8669437801139 114.739774953145
92.5326495244765 114.911093361473
93.2031792470823 115.144780509720
93.8785679044665 115.457397224466
94.5588507064732 115.874267279978
95.2440631180920 116.416624660642
95.9342408613062 117.098447261033
96.6294199169553 117.927431662938
97.3296365266109 118.904053301943
98.0349271944660 120.021624040595
98.7453286892379 121.256964100233
99.4608780460852 122.555747574509
100.181612568539 123.824253895595
100.907569830446 124.919210921808
101.638787677929 125.619309386079
102.375304231361 125.858031185234
103.117157887349 125.752332720105
103.864387320737 125.513615843008
104.617031486626 125.332143296373
105.375129622398 125.343457359475
106.138721249768 125.642996767499
106.907846176841 126.287210292187
107.682544500186 127.199219473101
108.462856606932 127.810835043920
109.248823176866 126.910047131446
110.040485184561 124.471179951080
110.837883901504 121.829813321428
111.641060898258 119.738404215630
112.450058046618 118.387482913646
113.264917521803 117.774625841083
114.085681804650 117.825280433475
114.912393683829 118.432111937727
115.745096258074 119.464577665269
116.583832938433 120.745135180684
117.428647450524 122.000523123913
118.279583836822 122.868971922677
119.136686458952 123.101240691448
120.000000000000 122.784364579418
120.869569466844 122.206947301921
121.745440192503 121.602179898482
122.627657838494 121.085075773359
123.516268397219 120.696234983944
124.411318194359 120.443665684905
125.312853891290 120.324536955809
126.220922487515 120.334672234054
127.135571323115 120.472569414430
128.056848081219 120.741373138507
128.984800790484 121.150391016353
129.919477827604 121.716999776967
130.860927919831 122.469556682384
131.809200147514 123.451738202876
132.764343946660 124.727126373349
133.726409111507 126.371454562953
134.695445797125 128.367304793601
135.671504522026 130.003240188478
136.654636170803 129.260106561872
137.644891996777 126.667085855992
138.642323624673 124.434265365836
139.646983053309 122.520725722955
140.658922658310 120.358673895806
141.678195194834 117.723499037834
142.704853800327 114.308071039380
143.738951997287 109.630265068263
144.780543696063 105.470135859361
145.829683197656 108.685961666627
146.886425196559 112.624965556781
147.950824783599 115.369249437134
149.022937448818 117.425237619109
150.102819084359 119.099799477280
151.190525987385 120.485003814729
152.286114863008 121.541652410153
153.389642827252 122.227266885332
154.501167410025 122.646206604026
155.620746558121 123.065652765854
156.748438638242 123.775280388696
157.884302440037 124.951512520621
159.028397179169 126.555148593806
160.180782500404 128.142842953961
161.341518480718 128.900380610440
162.510665632427 128.522990114241
163.688284906348 126.346866931552
164.874437694971 123.752804259264
166.069185835660 122.425014560893
167.272591613880 121.068457959404
168.484717766441 119.248647776761
169.705627484771 117.247283162931
170.935384418208 115.854329546489
172.174052677320 115.368322413718
173.421696837246 115.795005456109
174.678381941062 116.286449892983
175.944173503177 117.379485695279
177.219137512740 118.747178161963
178.503340437086 119.233529872922
179.796849225202 118.340896310918
181.099731311211 117.371244205888
182.412054617894 118.347524140817
183.733887560228 119.995178323848
185.065299048953 120.376414101054
186.406358494165 119.563672452597
187.757135808933 118.754478620083
189.117701412946 117.719829677979
190.488126236184 116.166746543008
191.868481722612 114.237072831229
193.258839833911 111.727447510831
194.659273053222 109.862137501601
196.069854388932 108.318720808958
197.490657378476 106.211061384596
198.921756092170 105.498343700804
200.000000000000 109.116587965312