* Sound Proof experimental REW golden input
* Fixture ID: curve-2-narrow-deep-null
* Purpose: Narrow deep null
* Source: Room C; 2 x SUB2-12; practical + optimised delay; seat rsp
* Placement xyz m: [{"x":2.4,"y":7.3725,"z":0.35},{"x":2.4,"y":0.1275,"z":0.35}]
* Relative levels dB: [0,0]; delays ms: [0,10.846]
* Exact source grid: production authoritative unsmoothed 96 PPO, 15-200 Hz (final endpoint retained exactly)
* Freq(Hz) SPL(dB)
15.0000000000000 113.682432351405
15.1086961833556 113.680469787727
15.2181800240629 113.679300292770
15.3284572298118 113.678920088470
15.4395335496524 113.679324456030
15.5514147742949 113.680507627008
15.6641067364112 113.682462660215
15.7776153109393 113.685181302286
15.8919464153894 113.688653829418
16.0071060101524 113.692120604459
16.1231000988104 113.684850745546
16.2399347284505 113.678206337870
16.3576159899789 113.672169060187
16.4761500184393 113.666717918288
16.5955429933325 113.661828889038
16.7158011389384 113.657474509129
16.8369307246406 113.653623398592
16.9589380652533 113.650239706994
17.0818295213504 113.647282467756
17.2056114995971 113.644704842821
17.3302904530841 113.642453236014
17.4558728816637 113.640466248492
17.5823653322888 113.638673443531
17.7097743993543 113.636993880101
17.8381067250408 113.635334364778
17.9673689996609 113.633587358932
18.0975679620078 113.621900936139
18.2287103997070 113.606510943471
18.3608031495698 113.590502111300
18.4938530979499 113.573677752617
18.6278671811023 113.555807543732
18.7628523855449 113.536620699619
18.8988157484231 113.515797501220
19.0357643578760 113.492958710721
19.1737053534065 113.467652261151
19.3126459262531 113.439336402504
19.4525933197651 113.407358205819
19.5935548297802 113.370925937288
19.7355378050046 113.329073269797
19.8785496473961 113.280612530656
20.0225978125505 113.218261553237
20.1676898100897 113.114494207881
20.3138332040534 112.998231803556
20.4610356132935 112.866537850479
20.6093047118713 112.715647406149
20.7586482294575 112.537716012405
20.9090739517350 112.327380937458
21.0605897208052 112.078104378887
21.2132034355964 111.778569988436
21.3669230522761 111.413157019139
21.5217565846650 110.956506846855
21.6777121046557 110.383945887578
21.8347977426328 109.654357750183
21.9930216878971 108.709269232478
22.1523921890925 107.462596935605
22.3129175546358 105.797225177281
22.4746061531502 103.576745209917
22.6374664139013 100.835557660851
22.8015068272367 98.8885014080088
22.9667359450285 100.298711775119
23.1331623811191 103.181759731480
23.3007948117706 105.659570697235
23.4696419761166 107.543664695222
23.6397126766183 108.960388909072
23.8110157795230 110.035094569432
23.9835602153265 110.867863780275
24.1573549792388 111.524935008966
24.3324091316527 112.053159333134
24.5087317986165 112.476510215822
24.6863321723095 112.826805866466
24.8652195115213 113.122971522532
25.0454031421347 113.377793320187
25.2268924576114 113.597342764721
25.4096969194823 113.784595765176
25.5938260578403 113.952413859688
25.7792894718372 114.104926797418
25.9660968301843 114.245330851550
26.1542578716564 114.367064185717
26.3437824055995 114.478279865740
26.5346803124420 114.583340020770
26.7269615442102 114.683505144381
26.9206361250466 114.775561593655
27.1157141517330 114.848997497043
27.3122057942166 114.919934507975
27.5101212961401 114.988939579192
27.7094709753761 115.056485607014
27.9102652245644 115.109978607639
28.1125145116545 115.156099639311
28.3162293804508 115.201637485890
28.5214204511625 115.246835366363
28.7280984209572 115.289674295133
28.9362740645186 115.315584691878
29.1459582346082 115.341563585676
29.3571618626310 115.367747683833
29.5698959592056 115.394257071402
29.7841716147381 115.410570365162
30.0000000000000 115.419200094095
30.2173923667111 115.428302587192
30.4363600481257 115.437951985839
30.6569144596235 115.447881357666
30.8790670993048 115.440538176004
31.1028295485897 115.433790528002
31.3282134728224 115.427686896335
31.5552306218787 115.422271388254
31.7838928307789 115.409261347308
32.0142120203047 115.387507627486
32.2462001976209 115.366423438235
32.4798694569009 115.346038622593
32.7152319799577 115.326380379840
32.9523000368786 115.291593986764
33.1910859866650 115.256083107275
33.4316022778768 115.221240007594
33.6738614492812 115.187081556626
33.9178761305066 115.147289369456
34.1636590427007 115.097389692878
34.4112229991942 115.048086767052
34.6605809061682 114.999386643414
34.9117457633273 114.951292403744
35.1647306645775 114.890913456933
35.4195487987086 114.828240955143
35.6762134500816 114.766047540438
35.9347379993218 114.704319214163
36.1951359240157 114.641176858222
36.4574207994141 114.573467772364
36.7216062991397 114.506093087200
36.9877061958998 114.439008024643
37.2557343622045 114.372156083777
37.5257047710899 114.301076737825
37.7976314968462 114.228358691586
38.0715287157520 114.155560918758
38.3474107068129 114.082546696761
38.6252918525062 114.008206769919
38.9051866395303 113.928809439208
39.1871096595605 113.848507725162
39.4710756100091 113.766965858349
39.7570992947922 113.683758018815
40.0451956251010 113.595349948352
40.3353796201794 113.502212388468
40.6276664081068 113.405212547055
40.9220712265871 113.303142780778
41.2186094237427 113.194063957877
41.5172964589150 113.072182195654
41.8181479034700 112.938355250403
42.1211794416103 112.788299863325
42.4264068711928 112.615829724996
42.7338461045521 112.409247270568
43.0435131693300 112.154762462974
43.3554242093114 111.832418342763
43.6695954852656 111.405593728553
43.9860433757943 110.810962310800
44.3047843781850 109.928103641400
44.6258351092716 108.532784113818
44.9492123063004 106.119178479354
45.2749328278027 101.237411418814
45.6030136544734 82.4023954857827
45.9334718900570 100.254939240594
46.2663247622382 105.977583066278
46.6015896235412 108.652530677175
46.9392839522332 110.095675452415
47.2794253532366 110.925386815925
47.6220315590460 111.426320453809
47.9671204306531 111.740943496963
48.3147099584776 111.945154318691
48.6648182633055 112.080725598213
49.0174635972330 112.171823461440
49.3726643446189 112.235438079009
49.7304390230426 112.281326141175
50.0908062842694 112.315926950646
50.4537849152229 112.341595170632
50.8193938389647 112.362890986741
51.1876521156806 112.382644582082
51.5585789436743 112.402561065094
51.9321936603686 112.423172827261
52.3085157433128 112.443710239386
52.6875648111990 112.467673791720
53.0693606248841 112.495828159427
53.4539230884204 112.528849305373
53.8412722500932 112.565153482364
54.2314283034661 112.606467308614
54.6244115884332 112.654330000688
55.0202425922803 112.709236344767
55.4189419507521 112.771240589228
55.8205304491288 112.838548429646
56.2250290233090 112.914120302900
56.6324587609016 112.998239826845
57.0428409023250 113.091076288719
57.4561968419144 113.191570146437
57.8725481290372 113.299788813622
58.2919164692164 113.415910719594
58.7143237252620 113.538891823040
59.1397919184113 113.666952140650
59.5683432294761 113.795347672586
60.0000000000000 113.922655925781
60.4347847334222 114.043889980354
60.8727200962514 114.152727563517
61.3138289192470 114.240536742841
61.7581341986095 114.300577555432
62.2056590971795 114.331321264580
62.6564269456448 114.338554855017
63.1104612437573 114.343523879844
63.5677856615577 114.385296357553
64.0284240406094 114.526819725833
64.4924003952418 114.834802091764
64.9597389138019 115.363261017004
65.4304639599155 116.140975633189
65.9046000737572 117.177128193943
66.3821719733300 118.476889235294
66.8632045557535 120.045174194440
67.3477228985624 121.870859958699
67.8357522610131 123.847958652786
68.3273180854015 125.643282079080
68.8224459983884 126.782472635852
69.3211618123364 127.272680413658
69.8234915266546 127.607713029668
70.3294613291551 128.067649931295
70.8390975974172 128.578997632193
71.3524269001633 128.910685305133
71.8694759986436 128.888498083674
72.3902718480313 128.523906051163
72.9148415988281 127.970727902680
73.4432125982793 127.383944392102
73.9754123917996 126.846955630939
74.5114687244090 126.369278805486
75.0514095421797 125.917836569119
75.5952629936924 125.473225418597
76.1430574315040 125.049599668384
76.6948214136258 124.675204539660
77.2505837050123 124.362388675655
77.8103732790606 124.117934536631
78.3742193191209 123.956557606425
78.9421512200183 123.908692294060
79.5141985895845 124.015097624846
80.0903912502020 124.307239806815
80.6707592403588 124.804855247133
81.2553328162136 125.503101860807
81.8441424531741 126.380780365506
82.4372188474854 127.398302053276
83.0345929178299 128.491826891443
83.6362958069400 129.551160171207
84.2423588832207 130.403354645574
84.8528137423857 130.858798193529
85.4676922091042 130.829271675422
86.0870263386600 130.418705730815
86.7108484186228 129.827341312805
87.3391909705312 129.235982766370
87.9720867515885 128.789621105677
88.6095687563700 128.571018719992
89.2516702185432 128.601970624535
89.8984246126009 128.892702757230
90.5498656556054 129.284347328786
91.2060273089469 129.045181398160
91.8669437801139 126.934493672454
92.5326495244765 123.214874736475
93.2031792470823 119.284047340396
93.8785679044665 115.975194076957
94.5588507064732 113.609025568043
95.2440631180920 112.041240048309
95.9342408613062 110.864082881841
96.6294199169553 109.779292098131
97.3296365266109 108.692271364191
98.0349271944660 107.613130838791
98.7453286892379 106.617955780416
99.4608780460852 106.014031492393
100.181612568539 106.215148794216
100.907569830446 107.149831025105
101.638787677929 108.406452313338
102.375304231361 109.772052802149
103.117157887349 111.169724642997
103.864387320737 112.556054538010
104.617031486626 113.875945459560
105.375129622398 115.058824469986
106.138721249768 116.041878899960
106.907846176841 116.801617971052
107.682544500186 117.364230997320
108.462856606932 117.783189589945
109.248823176866 118.106235640305
110.040485184561 118.364429619143
110.837883901504 118.613773495339
111.641060898258 119.032596519573
112.450058046618 119.955701185096
113.264917521803 121.721541815068
114.085681804650 124.090616092526
114.912393683829 125.363555415779
115.745096258074 125.244998216719
116.583832938433 124.259140106354
117.428647450524 122.548583423709
118.279583836822 120.519963510583
119.136686458952 118.487625074010
120.000000000000 116.583218941705
120.869569466844 114.856835066249
121.745440192503 113.339334768989
122.627657838494 112.068935689131
123.516268397219 111.100268586367
124.411318194359 110.492488704768
125.312853891290 110.268698571096
126.220922487515 110.371878928387
127.135571323115 110.695924815880
128.056848081219 111.199832434615
128.984800790484 111.906429949505
129.919477827604 112.749536865984
130.860927919831 113.658810394414
131.809200147514 114.873860860515
132.764343946660 116.676396270123
133.726409111507 118.711328828692
134.695445797125 119.931736047323
135.671504522026 119.413504722634
136.654636170803 117.740729918666
137.644891996777 116.243677307254
138.642323624673 114.581826877985
139.646983053309 112.970901063824
140.658922658310 111.860927871632
141.678195194834 111.887916178464
142.704853800327 114.094698132465
143.738951997287 117.133111733496
144.780543696063 119.022242526283
145.829683197656 119.718105840959
146.886425196559 119.981664261438
147.950824783599 120.564121471549
149.022937448818 121.496185558893
150.102819084359 121.829734578990
151.190525987385 120.850139648567
152.286114863008 119.792974594609
153.389642827252 120.727426245547
154.501167410025 122.561010423870
155.620746558121 122.990618416097
156.748438638242 122.680383782661
157.884302440037 122.501375334383
159.028397179169 122.426876594659
160.180782500404 121.192008575139
161.341518480718 116.350204038967
162.510665632427 115.550932224727
163.688284906348 117.170420893990
164.874437694971 118.378585154916
166.069185835660 119.312747518827
167.272591613880 119.940358411603
168.484717766441 119.374440098077
169.705627484771 115.408966446877
170.935384418208 111.040333913671
172.174052677320 116.913107830631
173.421696837246 119.992565772752
174.678381941062 121.481495897076
175.944173503177 121.489429949734
177.219137512740 120.934395161695
178.503340437086 120.857770427416
179.796849225202 121.151735167457
181.099731311211 121.788932911571
182.412054617894 122.717908938498
183.733887560228 119.709508301970
185.065299048953 116.153543246662
186.406358494165 114.694154911530
187.757135808933 111.547493495185
189.117701412946 102.864351717303
190.488126236184 108.835414270680
191.868481722612 115.725742540963
193.258839833911 119.211689969968
194.659273053222 121.381745306130
196.069854388932 122.588513405727
197.490657378476 120.271165652938
198.921756092170 115.402469950272
200.000000000000 114.515118943882