* Sound Proof experimental REW golden input
* Fixture ID: curve-5-upper-band-feature
* Purpose: 100-180 Hz feature
* Source: Room C; 1 x SUB2-12; practical placement only; seat rsp
* Placement xyz m: [{"x":2.4,"y":0.1275,"z":0.35}]
* Relative levels dB: [0]; delays ms: [0]
* Exact source grid: production authoritative unsmoothed 96 PPO, 15-200 Hz (final endpoint retained exactly)
* Freq(Hz) SPL(dB)
15.0000000000000 109.868232163728
15.1086961833556 109.908745752809
15.2181800240629 109.951179828398
15.3284572298118 109.995577756029
15.4395335496524 110.041984950722
15.5514147742949 110.090449023494
15.6641067364112 110.141019940793
15.7776153109393 110.193750198152
15.8919464153894 110.248695009481
16.0071060101524 110.305164250721
16.1231000988104 110.352501559274
16.2399347284505 110.402149026803
16.3576159899789 110.454174364050
16.4761500184393 110.508649237966
16.5955429933325 110.565649594265
16.7158011389384 110.625256010617
16.8369307246406 110.687554083488
16.9589380652533 110.752634851856
17.0818295213504 110.820595261246
17.2056114995971 110.891538671700
17.3302904530841 110.965575413395
17.4558728816637 111.042823393651
17.5823653322888 111.123408758879
17.7097743993543 111.207466614669
17.8381067250408 111.295141806384
17.9673689996609 111.386589761429
18.0975679620078 111.472249866413
18.2287103997070 111.558681628999
18.3608031495698 111.649330487539
18.4938530979499 111.744403056534
18.6278671811023 111.844121483228
18.7628523855449 111.948724459070
18.8988157484231 112.058468134824
19.0357643578760 112.173626846662
19.1737053534065 112.294493516382
19.3126459262531 112.421379525195
19.4525933197651 112.554613768869
19.5935548297802 112.694540469687
19.7355378050046 112.841515129654
19.8785496473961 112.995897733087
20.0225978125505 113.152230370241
20.1676898100897 113.285152955360
20.3138332040534 113.426179273439
20.4610356132935 113.575503024188
20.6093047118713 113.733175478072
20.7586482294575 113.896055078645
20.9090739517350 114.064644768207
21.0605897208052 114.239822163288
21.2132034355964 114.419789781588
21.3669230522761 114.601359687198
21.5217565846650 114.775736027575
21.6777121046557 114.940809627946
21.8347977426328 115.086978827565
21.9930216878971 115.200932626537
22.1523921890925 115.262614404319
22.3129175546358 115.250256231806
22.4746061531502 115.141501206351
22.6374664139013 114.911934059858
22.8015068272367 114.542376177508
22.9667359450285 114.111036534135
23.1331623811191 113.541192944117
23.3007948117706 112.849584263340
23.4696419761166 112.068110605940
23.6397126766183 111.231324791449
23.8110157795230 110.379559789091
23.9835602153265 109.562019471519
24.1573549792388 108.819274651163
24.3324091316527 108.186592268978
24.5087317986165 107.680582996227
24.6863321723095 107.322214494669
24.8652195115213 107.111857746082
25.0454031421347 107.036007557116
25.2268924576114 107.069859355478
25.4096969194823 107.185115639207
25.5938260578403 107.366319171337
25.7792894718372 107.594000429496
25.9660968301843 107.852843717622
26.1542578716564 108.122384942160
26.3437824055995 108.400660882424
26.5346803124420 108.684844373427
26.7269615442102 108.971184330774
26.9206361250466 109.253036351763
27.1157141517330 109.517587177892
27.3122057942166 109.779455464755
27.5101212961401 110.038265414921
27.7094709753761 110.293938003238
27.9102652245644 110.533598422208
28.1125145116545 110.763833715539
28.3162293804508 110.991466267371
28.5214204511625 111.216859022064
28.7280984209572 111.438169831842
28.9362740645186 111.641042850161
29.1459582346082 111.842711727881
29.3571618626310 112.043563063098
29.5698959592056 112.243973589351
29.7841716147381 112.433681021975
30.0000000000000 112.615456695468
30.2173923667111 112.797713819898
30.4363600481257 112.980780652438
30.6569144596235 113.164641333001
30.8790670993048 113.331991486635
31.1028295485897 113.500944841676
31.3282134728224 113.671793628672
31.5552306218787 113.844824578509
31.7838928307789 114.011997417732
32.0142120203047 114.172406116580
32.2462001976209 114.335708783814
32.4798694569009 114.502183063596
32.7152319799577 114.672108044618
32.9523000368786 114.829886239037
33.1910859866650 114.990185228359
33.4316022778768 115.154669304432
33.6738614492812 115.323636999474
33.9178761305066 115.491062880847
34.1636590427007 115.652779230916
34.4112229991942 115.819811371652
34.6605809061682 115.992503644444
34.9117457633273 116.171217025959
35.1647306645775 116.343441099304
35.4195487987086 116.519572473096
35.6762134500816 116.702817920488
35.9347379993218 116.893630103868
36.1951359240157 117.090633503276
36.4574207994141 117.291221021037
36.7216062991397 117.500887255168
36.9877061958998 117.720235577325
37.2557343622045 117.949920297280
37.5257047710899 118.186263755096
37.7976314968462 118.432720713012
38.0715287157520 118.691812677163
38.3474107068129 118.964477894324
38.6252918525062 119.250813838693
38.9051866395303 119.548450883148
39.1871096595605 119.863088488758
39.4710756100091 120.196157758265
39.7570992947922 120.549265435855
40.0451956251010 120.921232953381
40.3353796201794 121.315283639297
40.6276664081068 121.735530218067
40.9220712265871 122.184630379785
41.2186094237427 122.665300613610
41.5172964589150 123.177426308872
41.8181479034700 123.728894492182
42.1211794416103 124.324268855478
42.4264068711928 124.968717226160
42.7338461045521 125.665454312174
43.0435131693300 126.420827158265
43.3554242093114 127.243014098166
43.6695954852656 128.136426321573
43.9860433757943 129.101005372324
44.3047843781850 130.121529621919
44.6258351092716 131.168762965211
44.9492123063004 132.166196105112
45.2749328278027 132.973216202452
45.6030136544734 133.397429706041
45.9334718900570 133.293335409894
46.2663247622382 132.682682820540
46.6015896235412 131.731900610606
46.9392839522332 130.626517859567
47.2794253532366 129.490679273540
47.6220315590460 128.392393631212
47.9671204306531 127.359685001264
48.3147099584776 126.400600059214
48.6648182633055 125.513369488393
49.0174635972330 124.692553384410
49.3726643446189 123.934102290817
49.7304390230426 123.232291042684
50.0908062842694 122.581841719494
50.4537849152229 121.976033411862
50.8193938389647 121.412259927018
51.1876521156806 120.887600039998
51.5585789436743 120.399079242901
51.9321936603686 119.943377909875
52.3085157433128 119.516524565861
52.6875648111990 119.119336797737
53.0693606248841 118.750316808268
53.4539230884204 118.408223686132
53.8412722500932 118.089845079515
54.2314283034661 117.795523168788
54.6244115884332 117.525623033635
55.0202425922803 117.279649908738
55.4189419507521 117.056834076833
55.8205304491288 116.854709627210
56.2250290233090 116.675709740543
56.6324587609016 116.519732100627
57.0428409023250 116.386703371352
57.4561968419144 116.275471958498
57.8725481290372 116.186176716356
58.2919164692164 116.119249928443
58.7143237252620 116.074108621848
59.1397919184113 116.049670331455
59.5683432294761 116.042154130847
60.0000000000000 116.051383876299
60.4347847334222 116.073883886461
60.8727200962514 116.105003339146
61.3138289192470 116.137656746783
61.7581341986095 116.165900637324
62.2056590971795 116.187066150795
62.6564269456448 116.201931996979
63.1104612437573 116.220390472550
63.5677856615577 116.262008045223
64.0284240406094 116.363481144811
64.4924003952418 116.565151864746
64.9597389138019 116.903805418191
65.4304639599155 117.404131279579
65.9046000737572 118.078163257863
66.3821719733300 118.928761715231
66.8632045557535 119.943133032755
67.3477228985624 121.073218872429
67.8357522610131 122.165925746116
68.3273180854015 122.873262557184
68.8224459983884 122.838802093391
69.3211618123364 122.397143400145
69.8234915266546 122.357681923399
70.3294613291551 122.939051885800
70.8390975974172 123.773882807996
71.3524269001633 124.424204735367
71.8694759986436 124.637240836559
72.3902718480313 124.406128231034
72.9148415988281 123.881431361340
73.4432125982793 123.213040495950
73.9754123917996 122.477681844930
74.5114687244090 121.692046033847
75.0514095421797 120.868399438677
75.5952629936924 120.071997395001
76.1430574315040 119.391448905184
76.6948214136258 118.869720002803
77.2505837050123 118.486206777827
77.8103732790606 118.208092743718
78.3742193191209 118.025429807078
78.9421512200183 117.959725031528
79.5141985895845 118.052076033560
80.0903912502020 118.336917056413
80.6707592403588 118.835552928952
81.2553328162136 119.542567929552
81.8441424531741 120.435207044437
82.4372188474854 121.472539549588
83.0345929178299 122.590064767609
83.6362958069400 123.677529447810
84.2423588832207 124.562263990403
84.8528137423857 125.055016283499
85.4676922091042 125.067818028753
86.0870263386600 124.704596808275
86.7108484186228 124.165206996315
87.3391909705312 123.629538699393
87.9720867515885 123.240962357889
88.6095687563700 123.079706084585
89.2516702185432 123.163969060791
89.8984246126009 123.499580348600
90.5498656556054 123.924270282390
91.2060273089469 123.710464651409
91.8669437801139 121.647996239269
92.5326495244765 118.095774114823
93.2031792470823 114.637365580197
93.8785679044665 112.231509607818
94.5588507064732 111.019370708691
95.2440631180920 110.630681837909
95.9342408613062 110.721009831731
96.6294199169553 111.161215282614
97.3296365266109 111.881737556114
98.0349271944660 112.675081382811
98.7453286892379 113.149854320301
99.4608780460852 112.935399133204
100.181612568539 111.998332615885
100.907569830446 110.609719825906
101.638787677929 108.972814275640
102.375304231361 107.196799036771
103.117157887349 105.288776274378
103.864387320737 103.251835449845
104.617031486626 101.336343439415
105.375129622398 100.467533142590
106.138721249768 101.423138796819
106.907846176841 103.306552051085
107.682544500186 105.144214862049
108.462856606932 106.675160750550
109.248823176866 107.898990633880
110.040485184561 108.822756973939
110.837883901504 109.410377627316
111.641060898258 109.626974169995
112.450058046618 109.448669530943
113.264917521803 109.051625042047
114.085681804650 112.180196406100
114.912393683829 117.406648552689
115.745096258074 119.599062599770
116.583832938433 119.885243842106
117.428647450524 119.096539125683
118.279583836822 117.912568416597
119.136686458952 116.730005447558
120.000000000000 115.682357863126
120.869569466844 114.792704399091
121.745440192503 114.049745651234
122.627657838494 113.426348910950
123.516268397219 112.875681082200
124.411318194359 112.315406145203
125.312853891290 111.605250464992
126.220922487515 110.546144943832
127.135571323115 108.987364046432
128.056848081219 107.157570211699
128.984800790484 106.020033247170
129.919477827604 106.464701415243
130.860927919831 108.207359724576
131.809200147514 110.576958790216
132.764343946660 112.841037005347
133.726409111507 114.421949148597
134.695445797125 114.923769165642
135.671504522026 115.250409794937
136.654636170803 116.585645273196
137.644891996777 115.006628194987
138.642323624673 109.156092363025
139.646983053309 100.986463099936
140.658922658310 78.2447599407471
141.678195194834 103.658583251797
142.704853800327 111.470152423303
143.738951997287 115.240590171968
144.780543696063 116.370368408579
145.829683197656 116.475060682057
146.886425196559 116.722993040901
147.950824783599 117.656721116598
149.022937448818 118.983303729528
150.102819084359 119.476235693602
151.190525987385 118.049353547496
152.286114863008 115.371788922637
153.389642827252 115.107436139947
154.501167410025 117.876465254841
155.620746558121 118.880342895313
156.748438638242 118.351402050860
157.884302440037 117.396599994393
159.028397179169 116.055690375137
160.180782500404 111.232804141767
161.341518480718 103.010982696953
162.510665632427 110.661449168420
163.688284906348 113.392493262337
164.874437694971 114.809917049910
166.069185835660 115.932625648722
167.272591613880 117.028509298242
168.484717766441 117.606047947241
169.705627484771 116.416803145066
170.935384418208 112.666614029580
172.174052677320 110.247096700112
173.421696837246 112.945836424701
174.678381941062 115.163710369218
175.944173503177 113.824688738372
177.219137512740 110.037912728163
178.503340437086 108.352363432576
179.796849225202 109.366020390526
181.099731311211 111.199025794884
182.412054617894 114.213024516835
183.733887560228 113.733162091105
185.065299048953 113.938215394884
186.406358494165 114.751759857820
187.757135808933 114.141775326315
189.117701412946 111.869534054994
190.488126236184 107.682474451464
191.868481722612 105.928045736170
193.258839833911 111.222400464030
194.659273053222 115.611649870821
196.069854388932 118.941738961502
197.490657378476 119.240339681630
198.921756092170 117.574528655331
200.000000000000 117.705160834465