* Sound Proof experimental REW golden input
* Fixture ID: curve-3-broad-30-60-null
* Purpose: Broad 30-60 Hz null
* Source: Room C; 2 x SUB2-12; practical + optimised level/delay; seat secondary-centre
* Placement xyz m: [{"x":2.4,"y":7.3725,"z":0.35},{"x":2.4,"y":0.1275,"z":0.35}]
* Relative levels dB: [0,-1.139]; delays ms: [0,11.19]
* Exact source grid: production authoritative unsmoothed 96 PPO, 15-200 Hz (final endpoint retained exactly)
* Freq(Hz) SPL(dB)
15.0000000000000 112.912765465240
15.1086961833556 112.948654919432
15.2181800240629 112.989485171987
15.3284572298118 113.035554103582
15.4395335496524 113.087174943324
15.5514147742949 113.144676251153
15.6641067364112 113.208401754950
15.7776153109393 113.278710025232
15.8919464153894 113.355973971720
16.0071060101524 113.439831885470
16.1231000988104 113.519965416171
16.2399347284505 113.608162914696
16.3576159899789 113.704845017489
16.4761500184393 113.810441177800
16.5955429933325 113.925387969294
16.7158011389384 114.050127228476
16.8369307246406 114.185104069592
16.9589380652533 114.330764815652
17.0818295213504 114.487554899065
17.2056114995971 114.655916794559
17.3302904530841 114.836288054840
17.4558728816637 115.029099525409
17.5823653322888 115.234773818236
17.7097743993543 115.453724124284
17.8381067250408 115.686353441561
17.9673689996609 115.933054288336
18.0975679620078 116.184481434265
18.2287103997070 116.447387946883
18.3608031495698 116.725391450090
18.4938530979499 117.018850400496
18.6278671811023 117.328120058288
18.7628523855449 117.653555681431
18.8988157484231 117.995516161757
19.0357643578760 118.354367966505
19.1737053534065 118.730489193278
19.3126459262531 119.124273473889
19.4525933197651 119.536133364371
19.5935548297802 119.966502721675
19.7355378050046 120.415837373247
19.8785496473961 120.884613106125
20.0225978125505 121.367508060826
20.1676898100897 121.839323108343
20.3138332040534 122.331762334107
20.4610356132935 122.845243161044
20.6093047118713 123.380077548687
20.7586482294575 123.933424360040
20.9090739517350 124.506128333201
21.0605897208052 125.099450299198
21.2132034355964 125.712015149624
21.3669230522761 126.341090912156
21.5217565846650 126.978360947879
21.6777121046557 127.622201325291
21.8347977426328 128.263474508428
21.9930216878971 128.889271045459
22.1523921890925 129.479811254583
22.3129175546358 130.013388066842
22.4746061531502 130.467356129791
22.6374664139013 130.816470763232
22.8015068272367 131.039911471812
22.9667359450285 131.213056364283
23.1331623811191 131.254657787110
23.3007948117706 131.174589531064
23.4696419761166 130.994793344115
23.6397126766183 130.736027466910
23.8110157795230 130.420534938814
23.9835602153265 130.075428736015
24.1573549792388 129.716823863662
24.3324091316527 129.356517337813
24.5087317986165 128.993294209369
24.6863321723095 128.640378371609
24.8652195115213 128.302627888981
25.0454031421347 127.981953679200
25.2268924576114 127.675858651716
25.4096969194823 127.380454342764
25.5938260578403 127.103022253208
25.7792894718372 126.843097242975
25.9660968301843 126.600048366706
26.1542578716564 126.364093283432
26.3437824055995 126.140650186687
26.5346803124420 125.931739526726
26.7269615442102 125.736601787597
26.9206361250466 125.550268965176
27.1157141517330 125.360696104326
27.3122057942166 125.182657548038
27.5101212961401 125.015530033490
27.7094709753761 124.858729970145
27.9102652245644 124.698721424908
28.1125145116545 124.541342164727
28.3162293804508 124.392623109906
28.5214204511625 124.252123949724
28.7280984209572 124.117207144504
28.9362740645186 123.972741597201
29.1459582346082 123.835213088600
29.3571618626310 123.704291546142
29.5698959592056 123.579669750983
29.7841716147381 123.450434176334
30.0000000000000 123.318736622542
30.2173923667111 123.192400842407
30.4363600481257 123.071193702038
30.6569144596235 122.954563794588
30.8790670993048 122.824694721502
31.1028295485897 122.699209363056
31.3282134728224 122.577927948552
31.5552306218787 122.460681770935
31.7838928307789 122.338989456826
32.0142120203047 122.211516051249
32.2462001976209 122.087500808367
32.4798694569009 121.966810536156
32.7152319799577 121.849319494525
32.9523000368786 121.719029391321
33.1910859866650 121.590209058203
33.4316022778768 121.464124117718
33.6738614492812 121.340672516990
33.9178761305066 121.213424283540
34.1636590427007 121.077801101420
34.4112229991942 120.944409442968
34.6605809061682 120.813164239582
34.9117457633273 120.683984042098
35.1647306645775 120.543900355802
35.4195487987086 120.402833203717
35.6762134500816 120.263491145429
35.9347379993218 120.125803565245
36.1951359240157 119.987842787228
36.4574207994141 119.846416418488
36.7216062991397 119.706395829324
36.9877061958998 119.567717806242
37.2557343622045 119.430320540840
37.5257047710899 119.289753653129
37.7976314968462 119.148634449840
38.0715287157520 119.008572841045
38.3474107068129 118.869510410499
38.6252918525062 118.730450152623
38.9051866395303 118.587815205831
39.1871096595605 118.445967476951
39.4710756100091 118.304849478139
39.7570992947922 118.164403840893
40.0451956251010 118.021583397293
40.3353796201794 117.877504164871
40.6276664081068 117.733892581168
40.9220712265871 117.590694146628
41.2186094237427 117.447533562282
41.5172964589150 117.300765511147
41.8181479034700 117.154246365371
42.1211794416103 117.007956256285
42.4264068711928 116.861903664269
42.7338461045521 116.713622697659
43.0435131693300 116.563490344642
43.3554242093114 116.414043132867
43.6695954852656 116.265814032385
43.9860433757943 116.119754448806
44.3047843781850 115.972997423173
44.6258351092716 115.832334488540
44.9492123063004 115.700690596516
45.2749328278027 115.578783953296
45.6030136544734 115.458850749212
45.9334718900570 115.326725719544
46.2663247622382 115.174635803243
46.6015896235412 115.004969463871
46.9392839522332 114.825755679504
47.2794253532366 114.640539294989
47.6220315590460 114.454164352338
47.9671204306531 114.267699398895
48.3147099584776 114.081009931145
48.6648182633055 113.892830535519
49.0174635972330 113.701791515051
49.3726643446189 113.509045037956
49.7304390230426 113.314098138781
50.0908062842694 113.116474398938
50.4537849152229 112.913661752681
50.8193938389647 112.706643742936
51.1876521156806 112.495500641546
51.5585789436743 112.279722490155
51.9321936603686 112.057972025941
52.3085157433128 111.827828867568
52.6875648111990 111.591274836675
53.0693606248841 111.347626985170
53.4539230884204 111.096141056722
53.8412722500932 110.833809304892
54.2314283034661 110.560909216979
54.6244115884332 110.277493360227
55.0202425922803 109.982529644270
55.4189419507521 109.674514601938
55.8205304491288 109.350091397884
56.2250290233090 109.010703165478
56.6324587609016 108.655246807646
57.0428409023250 108.282772759838
57.4561968419144 107.891582996565
57.8725481290372 107.481905188084
58.2919164692164 107.055336443555
58.7143237252620 106.614140391720
59.1397919184113 106.162530409943
59.5683432294761 105.705305315883
60.0000000000000 105.254773823991
60.4347847334222 104.823701123957
60.8727200962514 104.425768876449
61.3138289192470 104.070834203381
61.7581341986095 103.764867673713
62.2056590971795 103.513978169727
62.6564269456448 103.342678366130
63.1104612437573 103.344351603307
63.5677856615577 103.733546838285
64.0284240406094 104.798748652670
64.4924003952418 106.643473083261
64.9597389138019 109.064956143896
65.4304639599155 111.778929007736
65.9046000737572 114.612840282845
66.3821719733300 117.507846364154
66.8632045557535 120.455434804575
67.3477228985624 123.437625044861
67.8357522610131 126.329046579790
68.3273180854015 128.764425654236
68.8224459983884 130.248352145635
69.3211618123364 130.820401033228
69.8234915266546 131.077110779122
70.3294613291551 131.427403446984
70.8390975974172 131.891552703626
71.3524269001633 132.277527556884
71.8694759986436 132.412178484819
72.3902718480313 132.290187788391
72.9148415988281 132.038244920136
73.4432125982793 131.769516453750
73.9754123917996 131.502178221784
74.5114687244090 131.157380551192
75.0514095421797 130.616306111177
75.5952629936924 129.824130605492
76.1430574315040 128.837018787133
76.6948214136258 127.776209401033
77.2505837050123 126.746235332190
77.8103732790606 125.810345361129
78.3742193191209 124.993958176534
78.9421512200183 124.299305504505
79.5141985895845 123.718837408329
80.0903912502020 123.238870982969
80.6707592403588 122.852818373248
81.2553328162136 122.550828113446
81.8441424531741 122.323493455381
82.4372188474854 122.158435095413
83.0345929178299 122.042879739477
83.6362958069400 121.961050970978
84.2423588832207 121.896624216776
84.8528137423857 121.855873037753
85.4676922091042 121.880077858055
86.0870263386600 122.030581749872
86.7108484186228 122.335113985424
87.3391909705312 122.799572179970
87.9720867515885 123.456355567722
88.6095687563700 124.333292315409
89.2516702185432 125.431685044437
89.8984246126009 126.756824101614
90.5498656556054 128.146886880683
91.2060273089469 128.855385743410
91.8669437801139 127.592632714268
92.5326495244765 124.494390229146
93.2031792470823 120.680386339053
93.8785679044665 116.515511164051
94.5588507064732 111.987835789525
95.2440631180920 108.581383701500
95.9342408613062 109.858317284431
96.6294199169553 112.876383888934
97.3296365266109 115.443081680465
98.0349271944660 117.412151621829
98.7453286892379 118.689603702554
99.4608780460852 119.139254578648
100.181612568539 118.887170123236
100.907569830446 118.313445686361
101.638787677929 117.698558489144
102.375304231361 117.210117020395
103.117157887349 116.900695892919
103.864387320737 116.766132676445
104.617031486626 116.782304957634
105.375129622398 116.923347782491
106.138721249768 117.168528561575
106.907846176841 117.501523992748
107.682544500186 117.905146479350
108.462856606932 118.355841748320
109.248823176866 118.822317843463
110.040485184561 119.279307571719
110.837883901504 119.765460451336
111.641060898258 120.485395382817
112.450058046618 121.798541411551
113.264917521803 123.961945159461
114.085681804650 126.456041993707
114.912393683829 127.354526196062
115.745096258074 126.596618419479
116.583832938433 124.908844599962
117.428647450524 122.494789990277
118.279583836822 119.844821614391
119.136686458952 117.308354869105
120.000000000000 114.925793035753
120.869569466844 112.611037456866
121.745440192503 110.369106191973
122.627657838494 108.549503766353
123.516268397219 107.981793427900
124.411318194359 109.034343028030
125.312853891290 110.950399527239
126.220922487515 113.042889517703
127.135571323115 115.065702240740
128.056848081219 116.854923685539
128.984800790484 118.213406964583
129.919477827604 119.065373818803
130.860927919831 119.534113577406
131.809200147514 120.021981915425
132.764343946660 121.258117273487
133.726409111507 123.410522900428
134.695445797125 125.358365948460
135.671504522026 125.924919577278
136.654636170803 125.403265328158
137.644891996777 124.589048776577
138.642323624673 123.866267127336
139.646983053309 123.391354755727
140.658922658310 123.209544884161
141.678195194834 123.341401767579
142.704853800327 123.548200646386
143.738951997287 122.978007476309
144.780543696063 120.684874669126
145.829683197656 116.403177994417
146.886425196559 114.552228719264
147.950824783599 116.864489827400
149.022937448818 118.750415482663
150.102819084359 119.791256520238
151.190525987385 120.386661992921
152.286114863008 120.850859372207
153.389642827252 121.369628827692
154.501167410025 121.873560463683
155.620746558121 122.125557775646
156.748438638242 122.219285210405
157.884302440037 122.765501569436
159.028397179169 123.785776793957
160.180782500404 122.718072148809
161.341518480718 119.157990818228
162.510665632427 116.596483099517
163.688284906348 114.550958986318
164.874437694971 113.002716250857
166.069185835660 112.050190152668
167.272591613880 111.631873482381
168.484717766441 112.454674997003
169.705627484771 115.343810493158
170.935384418208 117.455657453717
172.174052677320 117.670190983036
173.421696837246 116.532921560832
174.678381941062 113.950552703769
175.944173503177 109.332054750779
177.219137512740 104.816591379768
178.503340437086 104.175061124168
179.796849225202 109.598793760129
181.099731311211 115.477620966491
182.412054617894 119.982841932063
183.733887560228 118.021164358132
185.065299048953 110.278632077583
186.406358494165 97.9832379001199
187.757135808933 93.4205738705008
189.117701412946 102.962086908725
190.488126236184 108.867770418301
191.868481722612 112.847503999929
193.258839833911 115.408099837212
194.659273053222 117.690249569779
196.069854388932 119.048191080968
197.490657378476 115.689968624633
198.921756092170 108.543958617849
200.000000000000 106.167489488513