* Sound Proof experimental REW golden input
* Fixture ID: curve-4b-room-b-secondary
* Purpose: Multi-seat pair: problematic Room B secondary seat
* Source: Room B; 4 x SUB2-12; practical + optimised level/delay; seat secondary-centre
* Placement xyz m: [{"x":2,"y":0.1275,"z":0.35},{"x":1.3,"y":6.1725,"z":0.35},{"x":2,"y":6.1725,"z":0.35},{"x":2.7,"y":6.1725,"z":0.35}]
* Relative levels dB: [0,-1.64,-0.902,-1.574]; delays ms: [10.807,0,7.162,0]
* Exact source grid: production authoritative unsmoothed 96 PPO, 15-200 Hz (final endpoint retained exactly)
* Freq(Hz) SPL(dB)
15.0000000000000 117.301267644709
15.1086961833556 117.196734674825
15.2181800240629 117.089882374472
15.3284572298118 116.980600292441
15.4395335496524 116.868776625610
15.5514147742949 116.754299168089
15.6641067364112 116.637056550907
15.7776153109393 116.516939844483
15.8919464153894 116.393844613448
16.0071060101524 116.266925271820
16.1231000988104 116.125377275201
16.2399347284505 115.980505754553
16.3576159899789 115.832257675512
16.4761500184393 115.680606474889
16.5955429933325 115.525560293042
16.7158011389384 115.367172215643
16.8369307246406 115.205552966379
16.9589380652533 115.040886567226
17.0818295213504 114.873449556623
17.2056114995971 114.703634416845
17.3302904530841 114.531977890673
17.4558728816637 114.359194832791
17.5823653322888 114.186218094852
17.7097743993543 114.014244614389
17.8381067250408 113.844787269925
17.9673689996609 113.679731055437
18.0975679620078 113.511663056071
18.2287103997070 113.349761293260
18.3608031495698 113.200601269022
18.4938530979499 113.068048656194
18.6278671811023 112.956493297378
18.7628523855449 112.870775651173
18.8988157484231 112.816043634972
19.0357643578760 112.797530560246
19.1737053534065 112.820257277499
19.3126459262531 112.888679882302
19.4525933197651 113.006324626397
19.5935548297802 113.175467056272
19.7355378050046 113.396914958445
19.8785496473961 113.669939824044
20.0225978125505 113.986560190740
20.1676898100897 114.317712208983
20.3138332040534 114.690384205803
20.4610356132935 115.099828550918
20.6093047118713 115.541142787053
20.7586482294575 116.006589788313
20.9090739517350 116.492765780460
21.0605897208052 116.997636117760
21.2132034355964 117.517797154171
21.3669230522761 118.050119521916
21.5217565846650 118.587979082479
21.6777121046557 119.134121600525
21.8347977426328 119.687171972419
21.9930216878971 120.246140905005
22.1523921890925 120.807916663804
22.3129175546358 121.372187779797
22.4746061531502 121.941179391377
22.6374664139013 122.514962504662
22.8015068272367 123.093781027789
22.9667359450285 123.764772228923
23.1331623811191 124.445955326097
23.3007948117706 125.134362163361
23.4696419761166 125.830708928794
23.6397126766183 126.531249749310
23.8110157795230 127.234807229117
23.9835602153265 127.948732728409
24.1573549792388 128.673906561439
24.3324091316527 129.411174662099
24.5087317986165 130.151890277535
24.6863321723095 130.904462527984
24.8652195115213 131.670693264289
25.0454031421347 132.450431284959
25.2268924576114 133.239422289364
25.4096969194823 134.031663055943
25.5938260578403 134.831270786042
25.7792894718372 135.632797530587
25.9660968301843 136.427949321535
26.1542578716564 137.195702555357
26.3437824055995 137.925913979199
26.5346803124420 138.600533771482
26.7269615442102 139.195187837592
26.9206361250466 139.680449251811
27.1157141517330 140.023431562502
27.3122057942166 140.226785323774
27.5101212961401 140.290060540270
27.7094709753761 140.225308839958
27.9102652245644 140.040747919469
28.1125145116545 139.768022961725
28.3162293804508 139.438441274939
28.5214204511625 139.073434243282
28.7280984209572 138.687719129555
28.9362740645186 138.279088496568
29.1459582346082 137.873187756371
29.3571618626310 137.475906785039
29.5698959592056 137.090982082641
29.7841716147381 136.709990249235
30.0000000000000 136.336493272580
30.2173923667111 135.978990732524
30.4363600481257 135.637436514737
30.6569144596235 135.311148846604
30.8790670993048 134.981981728179
31.1028295485897 134.667109780777
31.3282134728224 134.365840705285
31.5552306218787 134.077465266641
31.7838928307789 133.792957366437
32.0142120203047 133.510448389643
32.2462001976209 133.238664433998
32.4798694569009 132.976985145904
32.7152319799577 132.724826455807
32.9523000368786 132.465761648274
33.1910859866650 132.213660961431
33.4316022778768 131.969420447459
33.6738614492812 131.732596256923
33.9178761305066 131.496442897674
34.1636590427007 131.256091197990
34.4112229991942 131.021879796533
34.6605809061682 130.793477199267
34.9117457633273 130.570575389621
35.1647306645775 130.339997698172
35.4195487987086 130.111472996898
35.6762134500816 129.887534450047
35.9347379993218 129.667950635831
36.1951359240157 129.450646594020
36.4574207994141 129.232295196612
36.7216062991397 129.017644744871
36.9877061958998 128.806519822891
37.2557343622045 128.598756564469
37.5257047710899 128.389812025489
37.7976314968462 128.182219855839
38.0715287157520 127.977514687356
38.3474107068129 127.775570725880
38.6252918525062 127.575331051996
38.9051866395303 127.373165950156
39.1871096595605 127.173391148061
39.4710756100091 126.975909270211
39.7570992947922 126.780628945165
40.0451956251010 126.584474419369
40.3353796201794 126.388537956687
40.6276664081068 126.194526279580
40.9220712265871 126.002368065711
41.2186094237427 125.811672349001
41.5172964589150 125.618776578090
41.8181479034700 125.427513942089
42.1211794416103 125.237828241316
42.4264068711928 125.049666430962
42.7338461045521 124.860455421386
43.0435131693300 124.670384081297
43.3554242093114 124.481658906992
43.6695954852656 124.294236515871
43.9860433757943 124.108075270195
44.3047843781850 123.918659125689
44.6258351092716 123.730293069360
44.9492123063004 123.543036771312
45.2749328278027 123.356851554880
45.6030136544734 123.170177353116
45.9334718900570 122.982454814367
46.2663247622382 122.795656419218
46.6015896235412 122.609737401511
46.9392839522332 122.424649309120
47.2794253532366 122.237863842757
47.6220315590460 122.051440450782
47.9671204306531 121.865647148238
48.3147099584776 121.680406907666
48.6648182633055 121.494804386435
49.0174635972330 121.307883414747
49.3726643446189 121.121195579078
49.7304390230426 120.934617595839
50.0908062842694 120.748024181175
50.4537849152229 120.559265251225
50.8193938389647 120.369751952538
51.1876521156806 120.180161715086
51.5585789436743 119.990955869256
51.9321936603686 119.802551547551
52.3085157433128 119.615874193187
52.6875648111990 119.439351413292
53.0693606248841 119.284214601063
53.4539230884204 119.168987482163
53.8412722500932 119.112299786254
54.2314283034661 119.116303775647
54.6244115884332 119.138883008689
55.0202425922803 119.118935111202
55.4189419507521 119.032235424526
55.8205304491288 118.892103655175
56.2250290233090 118.725105183642
56.6324587609016 118.547946945491
57.0428409023250 118.369512763857
57.4561968419144 118.192848143375
57.8725481290372 118.019944155766
58.2919164692164 117.852118159517
58.7143237252620 117.689451160858
59.1397919184113 117.531747414384
59.5683432294761 117.376658127415
60.0000000000000 117.226265800175
60.4347847334222 117.080424690145
60.8727200962514 116.939017766355
61.3138289192470 116.800527266743
61.7581341986095 116.664801608966
62.2056590971795 116.533296617948
62.6564269456448 116.405989804270
63.1104612437573 116.282873995349
63.5677856615577 116.161245617331
64.0284240406094 116.043632001570
64.4924003952418 115.930235166304
64.9597389138019 115.821088219395
65.4304639599155 115.715122149955
65.9046000737572 115.611740490591
66.3821719733300 115.512733499375
66.8632045557535 115.418167099679
67.3477228985624 115.328118756553
67.8357522610131 115.239966841935
68.3273180854015 115.155998093714
68.8224459983884 115.076860460479
69.3211618123364 115.002719110720
69.8234915266546 114.932908658335
70.3294613291551 114.866424839684
70.8390975974172 114.805707890628
71.3524269001633 114.751176860000
71.8694759986436 114.703370938458
72.3902718480313 114.660669395972
72.9148415988281 114.625475301322
73.4432125982793 114.599783734202
73.9754123917996 114.585167873346
74.5114687244090 114.583083052558
75.0514095421797 114.594293806199
75.5952629936924 114.625214964639
76.1430574315040 114.680972880549
76.6948214136258 114.768588334482
77.2505837050123 114.894671622098
77.8103732790606 115.073918854932
78.3742193191209 115.326287484933
78.9421512200183 115.675840895896
79.5141985895845 116.150078222909
80.0903912502020 116.763624814587
80.6707592403588 117.479358385413
81.2553328162136 118.096242156998
81.8441424531741 118.302906445564
82.4372188474854 118.178226155179
83.0345929178299 118.214597166738
83.6362958069400 118.642187966166
84.2423588832207 119.343004742514
84.8528137423857 120.057308094272
85.4676922091042 120.474562212812
86.0870263386600 120.336604182667
86.7108484186228 119.520318088407
87.3391909705312 117.989396500386
87.9720867515885 115.588453818214
88.6095687563700 111.576719988469
89.2516702185432 102.251904701838
89.8984246126009 102.254771743446
90.5498656556054 111.271724321352
91.2060273089469 114.875234027625
91.8669437801139 116.758300957025
92.5326495244765 117.827728120001
93.2031792470823 118.474070010626
93.8785679044665 118.893593844630
94.5588507064732 119.191191150390
95.2440631180920 119.426174440991
95.9342408613062 119.633566651706
96.6294199169553 119.836311042813
97.3296365266109 120.051168864743
98.0349271944660 120.295826444396
98.7453286892379 120.590097981261
99.4608780460852 120.956738423866
100.181612568539 121.427266088060
100.907569830446 122.019363364399
101.638787677929 122.638419809997
102.375304231361 123.219957478055
103.117157887349 123.755889514488
103.864387320737 124.293626375604
104.617031486626 124.890760945805
105.375129622398 125.593018064589
106.138721249768 126.431240188731
106.907846176841 127.400363136199
107.682544500186 128.342963827261
108.462856606932 128.562748092059
109.248823176866 126.619707505687
110.040485184561 122.029114959912
110.837883901504 114.986623928308
111.641060898258 105.277563011614
112.450058046618 111.816462754427
113.264917521803 116.576574400052
114.085681804650 119.481181889151
114.912393683829 121.635678856100
115.745096258074 123.400179435743
116.583832938433 124.851523812294
117.428647450524 125.868470278634
118.279583836822 126.188234013482
119.136686458952 125.630821896694
120.000000000000 124.337190036688
120.869569466844 122.647534625423
121.745440192503 120.860574035092
122.627657838494 119.191983105680
123.516268397219 117.834673587605
124.411318194359 116.978410373270
125.312853891290 116.740014499779
126.220922487515 117.082262216850
127.135571323115 117.850079871484
128.056848081219 118.881795408883
128.984800790484 120.072492850059
129.919477827604 121.376513105724
130.860927919831 122.791368524559
131.809200147514 124.346017293410
132.764343946660 126.096030082468
133.726409111507 128.111988745729
134.695445797125 130.377153762441
135.671504522026 132.206357160043
136.654636170803 131.689471817064
137.644891996777 129.557019875162
138.642323624673 127.995889158764
139.646983053309 126.865685505418
140.658922658310 125.987352118856
141.678195194834 125.652688588406
142.704853800327 125.847881392381
143.738951997287 126.255585238366
144.780543696063 126.572447489459
145.829683197656 126.587665515796
146.886425196559 126.209076043498
147.950824783599 125.492334667882
149.022937448818 124.570000235434
150.102819084359 123.568559224942
151.190525987385 122.587098211750
152.286114863008 121.705219639717
153.389642827252 120.988349523113
154.501167410025 120.524313563062
155.620746558121 120.501053733457
156.748438638242 121.186681810773
157.884302440037 122.706828885787
159.028397179169 124.788374036891
160.180782500404 126.617559199695
161.341518480718 126.990652569174
162.510665632427 125.719407572184
163.688284906348 124.666973406633
164.874437694971 123.499908320262
166.069185835660 122.680610830163
167.272591613880 122.862594989267
168.484717766441 123.086330542010
169.705627484771 122.488889501114
170.935384418208 120.458603283861
172.174052677320 116.143554433063
173.421696837246 116.716695176626
174.678381941062 122.268980962628
175.944173503177 124.336203028143
177.219137512740 124.757822666643
178.503340437086 124.268563600704
179.796849225202 122.910733646672
181.099731311211 120.825834033198
182.412054617894 118.827466017049
183.733887560228 119.065796758849
185.065299048953 121.411452901288
186.406358494165 123.360416489860
187.757135808933 124.935405771579
189.117701412946 125.893173365237
190.488126236184 125.135269188461
191.868481722612 122.678661139265
193.258839833911 120.467653436664
194.659273053222 119.129245647019
196.069854388932 118.335828107673
197.490657378476 117.313434173140
198.921756092170 115.755829587829
200.000000000000 115.989822011329