* Sound Proof experimental REW golden input
* Fixture ID: curve-1-broad-modal
* Purpose: Broad modal response
* Source: Room C; 4 x SUB2-12; current production; seat rsp
* Placement xyz m: [{"x":1.2,"y":0.1,"z":0.35},{"x":3.5999999999999996,"y":0.1,"z":0.35},{"x":1.2,"y":7.4,"z":0.35},{"x":3.5999999999999996,"y":7.4,"z":0.35}]
* Relative levels dB: [0,0,0,0]; delays ms: [0,0,0,0]
* Exact source grid: production authoritative unsmoothed 96 PPO, 15-200 Hz (final endpoint retained exactly)
* Freq(Hz) SPL(dB)
15.0000000000000 121.014394182990
15.1086961833556 121.034235983895
15.2181800240629 121.055331418338
15.3284572298118 121.077693239212
15.4395335496524 121.101334371372
15.5514147742949 121.126267915032
15.6641067364112 121.152507149259
15.7776153109393 121.180065535567
15.8919464153894 121.208956721616
16.0071060101524 121.238446282151
16.1231000988104 121.257830596862
16.2399347284505 121.278501300851
16.3576159899789 121.300472184222
16.4761500184393 121.323757238788
16.5955429933325 121.348370662463
16.7158011389384 121.374326863785
16.8369307246406 121.401640466575
16.9589380652533 121.430326314757
17.0818295213504 121.460399477327
17.2056114995971 121.491875253479
17.3302904530841 121.524769177907
17.4558728816637 121.559097026277
17.5823653322888 121.594874820882
17.7097743993543 121.632118836491
17.8381067250408 121.670845606391
17.9673689996609 121.711071928643
18.0975679620078 121.743087346740
18.2287103997070 121.773289358509
18.3608031495698 121.804948225170
18.4938530979499 121.838081184323
18.6278671811023 121.872705768085
18.7628523855449 121.908839810766
18.8988157484231 121.946501456825
19.0357643578760 121.985709169127
19.1737053534065 122.026481737506
19.3126459262531 122.068838287656
19.4525933197651 122.112798290368
19.5935548297802 122.158381571114
19.7355378050046 122.205608320019
19.8785496473961 122.254499102219
20.0225978125505 122.299263332054
20.1676898100897 122.314231754784
20.3138332040534 122.330657875980
20.4610356132935 122.348561913699
20.6093047118713 122.367964505277
20.7586482294575 122.385918516410
20.9090739517350 122.403466007669
21.0605897208052 122.422540991824
21.2132034355964 122.443165661841
21.3669230522761 122.465079585469
21.5217565846650 122.483991829542
21.6777121046557 122.504487971548
21.8347977426328 122.526592003465
21.9930216878971 122.550328473559
22.1523921890925 122.573267703886
22.3129175546358 122.595497292735
22.4746061531502 122.619401372115
22.6374664139013 122.645006664129
22.8015068272367 122.672340551942
22.9667359450285 122.788177531396
23.1331623811191 122.910049681715
23.3007948117706 123.034396190816
23.4696419761166 123.161252122280
23.6397126766183 123.286118695552
23.8110157795230 123.407011898049
23.9835602153265 123.530444466898
24.1573549792388 123.656454406005
24.3324091316527 123.785080683819
24.5087317986165 123.906960389389
24.6863321723095 124.029957209891
24.8652195115213 124.155613875399
25.0454031421347 124.283973048955
25.2268924576114 124.411665536526
25.4096969194823 124.534599904633
25.5938260578403 124.660292612983
25.7792894718372 124.788790785850
25.9660968301843 124.920142947283
26.1542578716564 125.045338860677
26.3437824055995 125.170611597042
26.5346803124420 125.298806449207
26.7269615442102 125.429977605564
26.9206361250466 125.559946517450
27.1157141517330 125.677425752788
27.3122057942166 125.797911219912
27.5101212961401 125.921463678784
27.7094709753761 126.048146037873
27.9102652245644 126.165032387843
28.1125145116545 126.278535730379
28.3162293804508 126.395229488986
28.5214204511625 126.515185373968
28.7280984209572 126.636249706465
28.9362740645186 126.743749407042
29.1459582346082 126.854604694070
29.3571618626310 126.968898532833
29.5698959592056 127.086717424507
29.7841716147381 127.197524221742
30.0000000000000 127.303831636267
30.2173923667111 127.413810636066
30.4363600481257 127.527563284154
30.6569144596235 127.644862944764
30.8790670993048 127.748209081071
31.1028295485897 127.855532976375
31.3282134728224 127.966957199589
31.5552306218787 128.082610670514
31.7838928307789 128.194306246769
32.0142120203047 128.301001102660
32.2462001976209 128.412225802546
32.4798694569009 128.528138928137
32.7152319799577 128.648908271179
32.9523000368786 128.758832148469
33.1910859866650 128.872480434442
33.4316022778768 128.991425636898
33.6738614492812 129.115879906739
33.9178761305066 129.239736354222
34.1636590427007 129.358750288791
34.4112229991942 129.483874138972
34.6605809061682 129.615383059691
34.9117457633273 129.753572204992
35.1647306645775 129.885868382646
35.4195487987086 130.022608180750
35.6762134500816 130.166940836014
35.9347379993218 130.319263707297
36.1951359240157 130.478147970457
36.4574207994141 130.640935005183
36.7216062991397 130.813069464723
36.9877061958998 130.995106162712
37.2557343622045 131.187652057722
37.5257047710899 131.386983175390
37.7976314968462 131.596508838959
38.0715287157520 131.818705837260
38.3474107068129 132.054468274331
38.6252918525062 132.303849914712
38.9051866395303 132.564437718034
39.1871096595605 132.841887895806
39.4710756100091 133.137588335389
39.7570992947922 133.453102472753
40.0451956251010 133.787208213461
40.3353796201794 134.143085017517
40.6276664081068 134.524801275197
40.9220712265871 134.934969752991
41.2186094237427 135.376261302679
41.5172964589150 135.848514836806
41.8181479034700 136.359569938335
42.1211794416103 136.913941758844
42.4264068711928 137.516748355856
42.7338461045521 138.171153301615
43.0435131693300 138.883450998953
43.3554242093114 139.661765488469
43.6695954852656 140.510451865281
43.9860433757943 141.429393621179
44.3047843781850 142.403308955750
44.6258351092716 143.402899302659
44.9492123063004 144.351590437321
45.2749328278027 145.108701941459
45.6030136544734 145.481769838900
45.9334718900570 145.325219448899
46.2663247622382 144.660723539152
46.6015896235412 143.654630553926
46.9392839522332 142.492385617360
47.2794253532366 141.298045502926
47.6220315590460 140.139526815125
47.9671204306531 139.044756927724
48.3147099584776 138.021681005117
48.6648182633055 137.068423090078
49.0174635972330 136.179431175427
49.3726643446189 135.350537885067
49.7304390230426 134.575893938233
50.0908062842694 133.850090694627
50.4537849152229 133.166269479961
50.8193938389647 132.521678810143
51.1876521156806 131.913244111836
51.5585789436743 131.337828879071
51.9321936603686 130.791942165810
52.3085157433128 130.271431077632
52.6875648111990 129.776920766026
53.0693606248841 129.306708875851
53.4539230884204 128.859336448194
53.8412722500932 128.431357864459
54.2314283034661 128.022864581182
54.6244115884332 127.633950540201
55.0202425922803 127.263825443163
55.4189419507521 126.911394195128
55.8205304491288 126.573828096663
56.2250290233090 126.253149493400
56.6324587609016 125.948782080933
57.0428409023250 125.660093728573
57.4561968419144 125.385257962756
57.8725481290372 125.123577192562
58.2919164692164 124.874419200140
58.7143237252620 124.635810865217
59.1397919184113 124.404810399666
59.5683432294761 124.175097431000
60.0000000000000 123.942967716445
60.4347847334222 123.699982655780
60.8727200962514 123.434462367182
61.3138289192470 123.129367247204
61.7581341986095 122.764786264370
62.2056590971795 122.318868545628
62.6564269456448 121.767053368532
63.1104612437573 121.087827643716
63.5677856615577 120.265571246884
64.0284240406094 119.303459779620
64.4924003952418 118.218094185421
64.9597389138019 117.040127275004
65.4304639599155 115.809110349168
65.9046000737572 114.570033497073
66.3821719733300 113.370557491316
66.8632045557535 112.252639622493
67.3477228985624 111.250246856516
67.8357522610131 110.383422252025
68.3273180854015 109.664798558536
68.8224459983884 109.095117193263
69.3211618123364 108.669242938417
69.8234915266546 108.381758427656
70.3294613291551 108.232450530740
70.8390975974172 108.232593594945
71.3524269001633 108.398541849760
71.8694759986436 108.749203258933
72.3902718480313 109.296359443937
72.9148415988281 110.043519928843
73.4432125982793 110.977757769777
73.9754123917996 112.071135238306
74.5114687244090 113.285796808852
75.0514095421797 114.578011816183
75.5952629936924 115.906547015193
76.1430574315040 117.225071471792
76.6948214136258 118.483777260197
77.2505837050123 119.627448046951
77.8103732790606 120.608917446712
78.3742193191209 121.395833472476
78.9421512200183 121.979243657170
79.5141985895845 122.377754694916
80.0903912502020 122.627315844395
80.6707592403588 122.778995064133
81.2553328162136 122.877130839181
81.8441424531741 122.958059914005
82.4372188474854 123.047238993768
83.0345929178299 123.165616577101
83.6362958069400 123.330794902586
84.2423588832207 123.555819837021
84.8528137423857 123.852797007333
85.4676922091042 124.229725728936
86.0870263386600 124.705993381919
86.7108484186228 125.299940594906
87.3391909705312 126.035293472405
87.9720867515885 126.966839805507
88.6095687563700 128.140519586988
89.2516702185432 129.572763851421
89.8984246126009 131.284883450989
90.5498656556054 133.136352035425
91.2060273089469 134.412633517745
91.8669437801139 133.874135592669
92.5326495244765 131.735842856948
93.2031792470823 129.242005899264
93.8785679044665 126.940150457299
94.5588507064732 124.911396172116
95.2440631180920 123.121872861677
95.9342408613062 121.523777809138
96.6294199169553 120.076204732515
97.3296365266109 118.745987840150
98.0349271944660 117.508516555521
98.7453286892379 116.343745599384
99.4608780460852 115.234916670875
100.181612568539 114.181129493847
100.907569830446 113.196697741556
101.638787677929 112.231233428081
102.375304231361 111.276777628573
103.117157887349 110.330787768433
103.864387320737 109.402843272606
104.617031486626 108.529299375210
105.375129622398 107.800598721124
106.138721249768 107.394107378183
106.907846176841 107.557889571483
107.682544500186 108.460857196974
108.462856606932 110.014090852267
109.248823176866 111.917051811606
110.040485184561 113.823871826926
110.837883901504 115.417544258676
111.641060898258 116.465688352988
112.450058046618 116.922251155451
113.264917521803 116.933558527777
114.085681804650 116.705219219752
114.912393683829 116.393814494681
115.745096258074 116.089406986405
116.583832938433 115.836961255141
117.428647450524 115.657445149461
118.279583836822 115.560481208380
119.136686458952 115.550667968316
120.000000000000 115.630216989167
120.869569466844 115.799299583328
121.745440192503 116.054340066809
122.627657838494 116.383415795530
123.516268397219 116.756693167056
124.411318194359 117.108993601651
125.312853891290 117.315110615083
126.220922487515 117.177200556573
127.135571323115 116.475941622272
128.056848081219 115.106554548514
128.984800790484 113.210483711943
129.919477827604 111.381537450075
130.860927919831 111.074787540570
131.809200147514 113.163868127609
132.764343946660 116.367982545699
133.726409111507 119.642188723673
134.695445797125 122.679343893809
135.671504522026 125.407880906565
136.654636170803 127.274538422934
137.644891996777 125.269321872407
138.642323624673 119.127357883673
139.646983053309 115.790078513132
140.658922658310 119.214853596359
141.678195194834 123.135189633125
142.704853800327 125.861578590344
143.738951997287 126.564493641139
144.780543696063 126.058717691306
145.829683197656 125.677520533958
146.886425196559 125.950520741094
147.950824783599 126.929637542348
149.022937448818 128.263595220068
150.102819084359 128.975940406837
151.190525987385 128.313608976065
152.286114863008 127.012547884615
153.389642827252 125.942491642375
154.501167410025 125.199201153096
155.620746558121 124.431213939728
156.748438638242 123.154009076014
157.884302440037 121.079787169153
159.028397179169 118.151568413768
160.180782500404 113.896135056262
161.341518480718 104.873902343744
162.510665632427 104.857609321139
163.688284906348 114.663949337881
164.874437694971 119.080434462398
166.069185835660 122.170871020765
167.272591613880 124.959202863852
168.484717766441 127.521848053463
169.705627484771 128.951708911542
170.935384418208 128.418926511896
172.174052677320 126.886140803420
173.421696837246 125.389391853451
174.678381941062 124.241783899185
175.944173503177 123.498917302602
177.219137512740 123.212699179947
178.503340437086 123.528084590196
179.796849225202 124.655237266839
181.099731311211 126.534358077329
182.412054617894 128.005907994040
183.733887560228 124.656134671573
185.065299048953 122.806115260597
186.406358494165 123.237443388270
187.757135808933 122.884218183249
189.117701412946 122.054830366895
190.488126236184 121.398557364263
191.868481722612 120.368754432351
193.258839833911 118.091519548671
194.659273053222 111.866989973620
196.069854388932 111.510125433989
197.490657378476 120.002821707060
198.921756092170 120.762973978689
200.000000000000 118.356429766533